  -106.00000000000000     
  -102.00000000000000     
  -104.00000000000000     
  -106.00000000000000     
  -106.00000000000000     
  -94.000000000000000     
  -102.00000000000000     
  -102.00000000000000     
  -106.00000000000000     
  -102.00000000000000     
  -98.000000000000000     
  -102.00000000000000     
  -106.00000000000000     
  -96.000000000000000     
  -100.00000000000000     
  -94.000000000000000     
  -102.00000000000000     
  -102.00000000000000     
  -106.00000000000000     
  -104.00000000000000     
