  -226.00000000000000     
  -232.00000000000000     
  -230.00000000000000     
  -232.00000000000000     
  -230.00000000000000     
  -228.00000000000000     
  -228.00000000000000     
  -228.00000000000000     
  -228.00000000000000     
  -232.00000000000000     
  -228.00000000000000     
  -230.00000000000000     
  -232.00000000000000     
  -230.00000000000000     
  -232.00000000000000     
  -230.00000000000000     
  -232.00000000000000     
  -232.00000000000000     
  -228.00000000000000     
  -228.00000000000000     
