  -406.00000000000000     
  -414.00000000000000     
  -414.00000000000000     
  -412.00000000000000     
  -412.00000000000000     
  -414.00000000000000     
  -416.00000000000000     
  -420.00000000000000     
  -404.00000000000000     
  -416.00000000000000     
  -414.00000000000000     
  -412.00000000000000     
  -416.00000000000000     
  -418.00000000000000     
  -410.00000000000000     
  -412.00000000000000     
  -400.00000000000000     
  -418.00000000000000     
  -410.00000000000000     
  -418.00000000000000     
  -416.00000000000000     
  -414.00000000000000     
  -410.00000000000000     
  -404.00000000000000     
  -410.00000000000000     
  -412.00000000000000     
  -410.00000000000000     
  -402.00000000000000     
  -418.00000000000000     
  -410.00000000000000     
  -412.00000000000000     
  -414.00000000000000     
  -414.00000000000000     
  -412.00000000000000     
  -404.00000000000000     
  -418.00000000000000     
  -412.00000000000000     
  -418.00000000000000     
  -420.00000000000000     
  -416.00000000000000     
  -416.00000000000000     
  -416.00000000000000     
  -408.00000000000000     
  -414.00000000000000     
  -416.00000000000000     
  -414.00000000000000     
  -416.00000000000000     
  -414.00000000000000     
  -412.00000000000000     
  -416.00000000000000     
  -420.00000000000000     
  -410.00000000000000     
  -418.00000000000000     
  -418.00000000000000     
  -418.00000000000000     
  -416.00000000000000     
  -408.00000000000000     
  -414.00000000000000     
  -412.00000000000000     
  -420.00000000000000     
  -414.00000000000000     
  -420.00000000000000     
  -416.00000000000000     
  -410.00000000000000     
  -418.00000000000000     
  -416.00000000000000     
  -410.00000000000000     
  -414.00000000000000     
  -416.00000000000000     
  -412.00000000000000     
  -414.00000000000000     
  -418.00000000000000     
  -414.00000000000000     
  -416.00000000000000     
  -408.00000000000000     
  -418.00000000000000     
  -406.00000000000000     
  -414.00000000000000     
  -416.00000000000000     
  -406.00000000000000     
  -410.00000000000000     
  -406.00000000000000     
  -416.00000000000000     
  -418.00000000000000     
  -410.00000000000000     
  -404.00000000000000     
  -402.00000000000000     
  -418.00000000000000     
  -418.00000000000000     
  -412.00000000000000     
  -404.00000000000000     
  -412.00000000000000     
  -414.00000000000000     
  -416.00000000000000     
  -410.00000000000000     
  -418.00000000000000     
  -414.00000000000000     
  -412.00000000000000     
  -414.00000000000000     
  -408.00000000000000     
